97 214 167 186 96
44 129 95 107 65
72 132 132 180 87
33 115 110 137 69
100 112 136 122 35
====================
51 33 60 122 85
115 117 130 159 108
131 48 175 187 183
102 39 130 170 151
128 45 149 252 204
====================
128 257 164 138 168
98 198 104 135 141
41 107 118 102 124
121 234 120 129 152
55 92 84 60 86
====================
93 142 117 99 49
82 143 152 93 86
81 168 218 115 116
128 189 156 125 76
86 144 151 92 76
====================
159 93 46 133 53
166 148 103 138 85
145 122 76 139 68
181 144 97 140 105
133 103 70 108 62
====================
194 271 161 64 131
160 237 130 63 123
50 99 55 24 67
126 143 128 35 114
178 241 136 54 117
====================
13 22 36 13 28
102 122 123 68 129
163 170 197 79 89
78 116 151 69 151
30 52 59 36 67
====================
160 140 37 108 117
127 201 59 139 147
143 115 33 75 91
96 52 36 31 56
140 108 54 68 103
====================
114 181 71 145 87
137 210 55 102 98
194 280 100 198 120
168 256 112 216 116
121 107 50 55 69
====================
162 140 111 126 155
92 128 67 118 123
85 104 72 82 104
159 99 64 106 133
200 200 139 182 215
====================
60 234 197 129 171
98 152 134 116 145
111 245 219 160 196
126 238 270 176 238
46 156 77 77 128
====================
153 247 146 154 58
105 174 130 81 56
83 193 130 128 68
39 105 38 78 70
62 112 60 28 18
====================
133 96 190 86 64
110 70 164 83 58
153 156 230 114 96
39 76 86 61 54
142 98 186 104 70
====================
158 161 220 218 184
74 52 82 189 156
88 67 122 225 162
98 87 116 101 118
120 86 67 143 103
====================
171 214 191 21 188
132 168 110 50 177
61 72 82 1 61
140 160 190 5 130
151 174 160 17 124
====================
151 150 177 133 100
69 82 119 72 60
133 138 166 133 92
112 110 135 79 72
120 148 187 114 140
====================
135 131 54 86 122
33 45 33 36 24
206 201 128 208 139
130 131 72 145 105
116 89 34 138 93
====================
95 100 129 63 56
214 227 314 164 141
108 82 158 91 81
66 151 125 47 90
165 188 193 70 145
====================
82 126 116 132 136
137 132 114 146 166
63 165 135 106 146
216 153 165 232 268
102 150 128 163 160
====================
200 103 234 154 141
146 125 185 94 128
107 62 117 63 80
261 169 323 194 196
219 154 278 166 160
====================
84 136 195 165 184
46 78 113 101 102
49 181 241 203 167
60 88 108 114 126
72 73 122 123 118
====================
120 70 28 143 79
180 136 80 186 134
223 200 97 262 216
86 118 54 162 160
226 191 99 215 178
====================
143 158 90 187 128
57 148 0 171 162
72 84 95 69 79
156 212 120 188 192
155 167 140 170 140
====================
98 75 69 77 71
216 151 90 210 187
193 128 152 153 113
192 160 86 204 181
301 198 163 265 221
====================
126 109 119 78 136
88 111 68 78 126
130 104 130 75 131
156 137 156 102 167
180 154 105 96 143
====================
126 186 160 128 85
61 89 103 69 46
20 45 24 39 17
59 129 83 103 67
168 204 206 168 106
====================
201 264 221 225 198
164 134 185 155 159
143 131 183 126 113
204 201 228 198 188
200 207 217 207 200
====================
141 144 236 188 60
203 92 294 202 107
144 118 161 175 75
152 128 175 188 80
118 81 226 134 51
====================
139 133 185 85 214
149 132 137 94 135
161 165 174 115 205
125 105 198 100 190
75 94 61 84 49
====================
46 156 129 165 104
75 163 136 224 146
67 168 145 221 149
63 191 148 196 154
92 214 119 194 146
====================
156 120 279 175 160
86 31 80 57 139
137 110 208 133 130
134 66 192 136 200
97 86 161 72 73
====================
151 166 67 44 153
121 157 59 36 112
122 127 79 15 170
146 194 102 26 185
82 77 59 6 102
====================
119 195 177 113 133
128 167 177 69 165
126 158 141 39 123
185 207 243 116 207
153 168 165 106 192
====================
137 47 140 123 57
235 167 230 241 157
84 64 82 89 73
138 123 143 167 121
155 92 183 166 130
====================
238 151 264 143 180
113 71 119 63 55
304 170 299 165 216
93 79 135 67 41
257 132 260 171 222
====================
237 123 179 172 155
135 73 119 112 155
103 55 100 100 70
165 98 135 124 155
130 109 109 95 105
====================
152 55 121 174 114
202 39 186 222 135
170 35 176 180 113
92 13 48 83 29
179 35 108 199 95
====================
45 103 74 136 125
70 119 94 141 154
56 118 72 97 166
19 41 61 79 65
83 132 129 182 181
====================
20 20 15 19 14
134 133 73 127 83
155 125 83 162 73
161 124 85 178 68
163 150 84 155 72
====================
185 64 136 181 206
172 59 112 181 188
241 83 194 247 254
220 96 150 234 248
175 67 104 162 208
====================
109 124 135 53 161
68 150 106 80 133
55 207 185 110 174
99 169 215 104 183
107 260 236 157 224
====================
84 83 60 75 69
75 148 171 200 124
43 99 113 138 117
116 140 112 139 126
99 137 144 183 114
====================
204 142 112 104 175
186 161 135 169 200
70 102 89 100 83
56 46 58 46 118
213 164 138 131 210
====================
91 141 43 122 74
105 137 30 126 84
115 197 49 104 163
67 156 45 46 171
59 150 49 30 161
====================
142 132 198 159 116
248 218 226 161 207
190 148 133 111 147
147 135 190 180 104
150 145 148 130 131
====================
241 286 245 202 142
95 108 88 61 61
198 206 212 108 107
203 239 178 170 125
211 238 198 125 137
====================
104 142 230 112 258
63 79 111 50 115
144 144 202 100 192
147 160 235 142 250
100 118 187 132 220
====================
77 119 88 106 55
122 200 162 167 181
121 166 158 202 151
79 226 102 131 152
88 154 102 119 71
====================
115 177 40 174 141
144 195 49 165 129
154 158 48 113 140
80 99 49 70 127
118 137 15 126 41
====================
82 135 90 61 94
233 166 169 128 189
209 178 135 108 187
68 112 68 38 84
206 104 148 93 145
====================
71 9 81 67 75
69 30 87 35 53
43 3 62 56 70
45 6 66 42 74
141 39 171 127 163
====================
154 78 173 64 34
136 110 205 115 145
131 148 167 99 85
184 160 297 129 181
125 79 230 103 152
====================
